99469817979077944822460093528043970707146037411328763901792956379792838492161
99469817979077944822460093528043970707146037411328763901792957778371629023233
99469817979077944822460093528043970707146037411328763901792958257758698733569
99469817979077944822460093528043970707146037411328763901792958264355768500225
99469817979077944822460093528043970707146037411328763901792958266554791755777
99469817979077944822460093528043970707146037411328763901792959974096349691905
99469817979077944822460093528043970707146037411328763901792954521618187550721
99469817979077944822460093528043970707146037411328763901792954523817210806273
99469817979077944822460093528043970707146037411328763901792955339654838616065
99469817979077944822460093528043970707146037411328763901792957953193977839617
99469817979077944822460093528043970707146037411328763901792960786635442618369
99469817979077944822460093528043970707146037411328763901792958093931466194945
